000090
000052
000045
000105
000042
000027
000032
000021
000031
000087
000009
000005
000003
000062
000007
000107
000082
000058
000029
000063
000080
000035
000083
000071
000092
000094
000095
000110
000088
000055
000038
000091
000075
000026
000074
000013
000041
000028
000056
000023
000033
000017
000068
000049
000008
000022
000108
000044
000010
000085
000006
000061
000011
000069
000102
000047
000099
000016
000057
000060
000067
000081
000004
000079
000070
000002
000101
000106
000012
000014
000025
000034
000040
000065
000037
000051
000043
000048
000066
000076
000113
000015
000077
000089
000104
